0 0.447281 0.573403 0.053781 0.065833
0 0.979398 0.580125 0.041125 0.071694
0 0.936516 0.692208 0.085641 0.076556
0 0.282738 0.782111 0.078508 0.169556
0 0.663152 0.476292 0.043758 0.030861
0 0.239719 0.468910 0.035766 0.037736
0 0.200082 0.477646 0.037023 0.048153
0 0.236437 0.522118 0.036656 0.046264
0 0.276477 0.592187 0.042266 0.060181
0 0.279613 0.994840 0.079289 0.010319
0 0.676281 0.964424 0.107969 0.071153
0 0.546664 0.585354 0.069391 0.101681
0 0.330187 0.546826 0.043094 0.059319
0 0.286605 0.630347 0.046352 0.073722
0 0.890910 0.962799 0.148180 0.074403
0 0.264391 0.449299 0.043219 0.040875
0 0.212898 0.440375 0.036797 0.033778
0 0.189625 0.399625 0.021875 0.022361
0 0.170445 0.393583 0.015234 0.016111
0 0.174816 0.423535 0.020414 0.019014
0 0.235000 0.401931 0.030297 0.028222
0 0.263512 0.413167 0.024789 0.023028
0 0.314637 0.417458 0.029648 0.024944
0 0.390668 0.442528 0.031930 0.031139
0 0.381496 0.425736 0.029820 0.023417
0 0.376387 0.412028 0.023805 0.019417
0 0.448012 0.465326 0.031477 0.034708
0 0.472551 0.425458 0.045914 0.042583
0 0.499336 0.482924 0.047438 0.044319
0 0.536156 0.435743 0.037750 0.032264
0 0.342254 0.492799 0.041023 0.049264
0 0.345461 0.469243 0.037750 0.032708
0 0.811191 0.676153 0.085023 0.082917
0 0.682719 0.721694 0.086203 0.128083
0 0.522504 0.693181 0.066523 0.116250
0 0.676910 0.580743 0.062211 0.066819
0 0.929129 0.608486 0.083602 0.075306
0 0.397578 0.657521 0.069687 0.137236
0 0.596523 0.529813 0.038641 0.048931
0 0.610254 0.474090 0.050336 0.051625
