0 0.521508 0.653722 0.071312 0.110250
0 0.340656 0.542938 0.051359 0.061986
0 0.284801 0.690958 0.060633 0.132806
0 0.409402 0.675194 0.059086 0.113833
0 0.362309 0.436667 0.032727 0.041111
0 0.313867 0.423410 0.029781 0.024875
0 0.979336 0.608611 0.041328 0.172139
0 0.594121 0.470104 0.038367 0.046042
0 0.682168 0.962625 0.140492 0.074750
0 0.421930 0.544139 0.058719 0.073167
0 0.490547 0.548819 0.063516 0.070028
0 0.444910 0.462611 0.037758 0.036361
0 0.459855 0.449924 0.029164 0.033347
0 0.482391 0.439035 0.040891 0.048542
0 0.371219 0.409264 0.032063 0.026389
0 0.308703 0.405035 0.032766 0.026375
0 0.239934 0.407924 0.031898 0.026597
0 0.264879 0.399465 0.021336 0.021931
0 0.209754 0.402424 0.020164 0.028625
0 0.223480 0.390604 0.026883 0.034847
0 0.174590 0.395278 0.019273 0.017861
0 0.229672 0.451590 0.037422 0.034847
0 0.265148 0.483264 0.039688 0.040028
0 0.236633 0.521278 0.036125 0.053861
0 0.246949 0.907264 0.098727 0.153556
0 0.877773 0.645674 0.082687 0.071264
0 0.576258 0.483083 0.050875 0.052889
0 0.774734 0.870417 0.118641 0.148306
0 0.456187 0.604014 0.051344 0.077194
0 0.715336 0.513646 0.055375 0.059792
0 0.700340 0.598917 0.066695 0.071306
0 0.267227 0.587076 0.047422 0.076542
0 0.850840 0.694007 0.089523 0.083181
