0 0.205027 0.486278 0.035258 0.058389
0 0.347996 0.433625 0.034945 0.035528
0 0.354340 0.416104 0.032570 0.029819
0 0.440094 0.443264 0.036906 0.035028
0 0.620637 0.552708 0.052273 0.051250
0 0.502387 0.555743 0.049195 0.059903
0 0.242398 0.466326 0.038078 0.049708
0 0.652070 0.517667 0.050078 0.040889
0 0.743703 0.560007 0.058344 0.053903
0 0.773164 0.535833 0.053984 0.051944
0 0.732227 0.621604 0.066641 0.074042
0 0.560852 0.510090 0.048672 0.048569
0 0.289469 0.501903 0.037484 0.041806
0 0.396125 0.691528 0.059344 0.093444
0 0.267316 0.539250 0.040164 0.069194
0 0.866848 0.720812 0.096039 0.097514
0 0.663414 0.497729 0.046219 0.033931
0 0.449906 0.957174 0.121438 0.085653
0 0.164371 0.415389 0.026164 0.023861
0 0.221223 0.401646 0.024539 0.024875
0 0.222945 0.430319 0.033625 0.031750
0 0.367977 0.510493 0.046875 0.056514
0 0.428793 0.503181 0.043039 0.048611
0 0.506832 0.445924 0.115992 0.130042
