0 0.635223 0.557438 0.058961 0.051931
0 0.772852 0.652861 0.078312 0.090583
0 0.814422 0.519597 0.059906 0.057917
0 0.768801 0.568944 0.067367 0.067306
0 0.608117 0.889674 0.110719 0.182292
0 0.275813 0.707993 0.062688 0.101264
0 0.271941 0.832722 0.080508 0.161889
0 0.686523 0.742688 0.090188 0.116347
0 0.497332 0.481389 0.042758 0.038750
0 0.462691 0.949444 0.114289 0.095083
0 0.326355 0.416861 0.034852 0.035861
0 0.762918 0.409319 0.037430 0.050444
0 0.965617 0.707667 0.064375 0.065278
0 0.591930 0.468007 0.042781 0.042042
0 0.426426 0.435111 0.039742 0.041833
0 0.398813 0.447653 0.036187 0.027889
0 0.192191 0.399979 0.016305 0.017847
0 0.266203 0.410014 0.024313 0.021861
0 0.239242 0.409347 0.022578 0.022306
0 0.307746 0.472694 0.039648 0.035694
0 0.274871 0.489646 0.040148 0.041931
0 0.238109 0.533139 0.037891 0.049528
0 0.476590 0.608861 0.067070 0.096000
0 0.377293 0.619958 0.060102 0.097556
0 0.557023 0.467917 0.055172 0.059167
