0 0.238789 0.519792 0.038359 0.055972
0 0.597555 0.642625 0.068609 0.087972
0 0.562383 0.488118 0.044297 0.046153
0 0.188746 0.396903 0.022992 0.020167
0 0.172020 0.415479 0.027992 0.030958
0 0.186227 0.446188 0.034047 0.028208
0 0.184113 0.471625 0.030367 0.046278
0 0.567809 0.450674 0.041898 0.032792
0 0.381133 0.624236 0.050391 0.068194
0 0.336629 0.425986 0.023930 0.029194
0 0.663672 0.518604 0.049687 0.051653
0 0.860492 0.706729 0.108016 0.099875
0 0.275805 0.840382 0.081203 0.130014
0 0.853082 0.944194 0.107055 0.111611
0 0.345648 0.492854 0.041750 0.041958
0 0.830715 0.612056 0.071617 0.062139
0 0.507133 0.464465 0.040359 0.037986
0 0.423809 0.421687 0.037070 0.034153
0 0.297090 0.467042 0.044117 0.046472
0 0.434012 0.900556 0.104367 0.198889
0 0.341660 0.411639 0.026320 0.020611
0 0.236965 0.400208 0.023539 0.019250
0 0.253828 0.404528 0.030906 0.027333
0 0.985695 0.636264 0.028609 0.087583
0 0.632895 0.561840 0.051102 0.050625
0 0.307930 0.527014 0.041484 0.061806
