0 0.595770 0.532215 0.047633 0.053597
0 0.351738 0.469444 0.045430 0.063056
0 0.288672 0.596806 0.076563 0.164722
0 0.249762 0.520285 0.046352 0.078958
0 0.254238 0.459611 0.032305 0.033778
0 0.244148 0.432479 0.037391 0.038708
0 0.176191 0.394812 0.018867 0.015431
0 0.200699 0.403681 0.022773 0.022361
0 0.213059 0.402132 0.020164 0.017736
0 0.286707 0.405097 0.026461 0.024722
0 0.326531 0.419444 0.028656 0.027472
0 0.364652 0.436542 0.036961 0.038583
0 0.381313 0.427215 0.024641 0.022903
0 0.431957 0.424958 0.034367 0.027528
0 0.515391 0.442986 0.046656 0.045222
0 0.835469 0.554118 0.081625 0.073931
0 0.970594 0.720646 0.058812 0.118153
0 0.342871 0.543014 0.040086 0.067778
0 0.440617 0.581764 0.052109 0.067083
0 0.447813 0.457743 0.046500 0.048264
0 0.626020 0.499549 0.052102 0.053181
0 0.491508 0.462472 0.038531 0.040222
0 0.532348 0.674667 0.070008 0.105194
0 0.499820 0.556868 0.065250 0.073042
0 0.839027 0.618604 0.091758 0.080875
0 0.722699 0.548438 0.064523 0.070153
