0 0.718422 0.597583 0.064609 0.067333
0 0.836301 0.562396 0.089320 0.079153
0 0.777633 0.561993 0.083484 0.095264
0 0.585000 0.522937 0.049375 0.045514
0 0.575664 0.480889 0.051328 0.051056
0 0.607453 0.476444 0.049125 0.034639
0 0.455402 0.522347 0.050023 0.060750
0 0.456922 0.587201 0.055906 0.070347
0 0.528711 0.726479 0.068359 0.103097
0 0.274180 0.599375 0.041328 0.072361
0 0.480480 0.437458 0.033727 0.031389
0 0.432230 0.938014 0.133992 0.123972
0 0.818789 0.927278 0.158766 0.145444
0 0.172988 0.397542 0.016805 0.017167
0 0.306184 0.413299 0.020102 0.019597
0 0.249477 0.397806 0.026250 0.020556
0 0.212641 0.399819 0.026641 0.030417
0 0.260746 0.552931 0.044023 0.059528
0 0.184051 0.389701 0.018758 0.018431
0 0.775258 0.425340 0.047609 0.041319
0 0.386320 0.626479 0.060344 0.094069
0 0.482926 0.471910 0.041492 0.029542
0 0.267344 0.485264 0.044563 0.056917
0 0.346480 0.490535 0.045648 0.058097
0 0.375219 0.442194 0.034937 0.032556
0 0.406480 0.434431 0.034398 0.030056
