0 0.199473 0.396903 0.025758 0.021028
0 0.315656 0.480028 0.042094 0.040778
0 0.970785 0.719743 0.058430 0.083486
0 0.634609 0.482583 0.043734 0.030528
0 0.614602 0.503319 0.048438 0.044917
0 0.622379 0.456660 0.045523 0.042042
0 0.220090 0.936826 0.117398 0.126347
0 0.262414 0.545660 0.041469 0.057597
0 0.825617 0.553174 0.072453 0.071042
0 0.765852 0.602361 0.068687 0.075500
0 0.559059 0.775174 0.082117 0.124764
0 0.835090 0.689382 0.090305 0.084542
0 0.282715 0.652715 0.056102 0.099875
0 0.502848 0.649896 0.069930 0.107847
0 0.245195 0.468882 0.037844 0.045958
0 0.352063 0.438153 0.024984 0.019639
0 0.211785 0.393736 0.016039 0.017000
0 0.272535 0.411451 0.027055 0.025958
0 0.305102 0.404674 0.027703 0.026208
0 0.323164 0.423687 0.029484 0.029653
0 0.383738 0.482729 0.042477 0.045208
0 0.482930 0.457708 0.039609 0.029583
0 0.556250 0.459153 0.037344 0.036417
0 0.323359 0.525715 0.047531 0.071153
0 0.390965 0.429097 0.032398 0.031806
0 0.461328 0.471757 0.037187 0.034903
0 0.435305 0.950201 0.124047 0.099597
