0 0.508844 0.566375 0.054641 0.063167
0 0.293238 0.778486 0.072430 0.150000
0 0.737738 0.492535 0.051555 0.051847
0 0.748547 0.577972 0.070609 0.064361
0 0.544289 0.733528 0.073797 0.110306
0 0.301063 0.596229 0.042797 0.074347
0 0.897281 0.460250 0.070922 0.064389
0 0.328020 0.541375 0.038570 0.062972
0 0.292254 0.506646 0.039008 0.062097
0 0.251699 0.551090 0.041086 0.049458
0 0.333816 0.486021 0.042555 0.046042
0 0.913070 0.598653 0.081875 0.067222
0 0.322051 0.419806 0.041477 0.039278
0 0.735266 0.799174 0.115297 0.169764
0 0.919613 0.554271 0.067211 0.054625
0 0.432547 0.507299 0.048688 0.064264
0 0.427000 0.570285 0.041469 0.063403
0 0.373340 0.476021 0.038883 0.039986
0 0.400418 0.417243 0.039539 0.035708
0 0.390309 0.636250 0.090586 0.189139
0 0.287844 0.439215 0.045406 0.042708
0 0.264094 0.411938 0.024578 0.020736
0 0.211746 0.403299 0.020133 0.020736
0 0.263242 0.404035 0.035703 0.024681
0 0.259531 0.453681 0.031937 0.032333
0 0.261820 0.485285 0.036516 0.038764
0 0.196355 0.390938 0.026164 0.025819
0 0.177336 0.424479 0.021047 0.022014
