0 0.297297 0.406292 0.028578 0.019611
0 0.171449 0.374729 0.068992 0.061375
0 0.224414 0.406271 0.023844 0.023236
0 0.990824 0.642319 0.018023 0.057972
0 0.438078 0.582187 0.048578 0.062819
0 0.623305 0.679708 0.078016 0.101861
0 0.552844 0.472118 0.052297 0.055625
0 0.262273 0.898542 0.121719 0.191667
0 0.778332 0.642958 0.087617 0.117111
0 0.842543 0.615944 0.072773 0.069472
0 0.616543 0.497646 0.051570 0.059653
0 0.285625 0.625569 0.053938 0.103528
0 0.736105 0.518403 0.052773 0.050639
0 0.700043 0.537701 0.057023 0.058625
0 0.476270 0.632667 0.059898 0.081889
0 0.462516 0.521000 0.053953 0.068583
0 0.545438 0.585368 0.059875 0.081042
0 0.328813 0.539292 0.043469 0.063306
0 0.182059 0.443285 0.026133 0.029681
0 0.290934 0.503799 0.036883 0.049764
0 0.230621 0.467590 0.031773 0.036931
0 0.385184 0.484764 0.037570 0.042306
0 0.379047 0.511931 0.044344 0.059222
0 0.255566 0.403153 0.023727 0.026889
0 0.265734 0.415556 0.019375 0.021389
0 0.324410 0.444715 0.038914 0.053486
0 0.268164 0.438667 0.036484 0.031056
0 0.237625 0.442146 0.036063 0.034042
0 0.274594 0.464389 0.037875 0.037278
0 0.662105 0.470764 0.045133 0.041250
0 0.556770 0.453889 0.041336 0.041806
0 0.516496 0.436000 0.045227 0.030861
0 0.464586 0.453167 0.034125 0.035500
0 0.408918 0.449729 0.028070 0.031625
0 0.368668 0.441569 0.024836 0.032222
0 0.342262 0.421014 0.023758 0.020833
