0 0.190047 0.433417 0.029859 0.047278
0 0.179742 0.398535 0.018141 0.012958
0 0.212867 0.395944 0.033859 0.026194
0 0.248992 0.400986 0.027703 0.024778
0 0.283094 0.402708 0.028187 0.023611
0 0.301160 0.423444 0.022523 0.019583
0 0.343477 0.432396 0.026953 0.025292
0 0.362539 0.412917 0.026016 0.023611
0 0.388516 0.429896 0.032656 0.027486
0 0.372660 0.510451 0.044805 0.045542
0 0.321348 0.480201 0.040461 0.035347
0 0.275270 0.489417 0.037414 0.044306
0 0.257688 0.947639 0.105109 0.104722
0 0.469457 0.972611 0.106148 0.054778
0 0.627641 0.870299 0.119672 0.166514
0 0.506969 0.428646 0.101875 0.086986
0 0.650445 0.443194 0.121453 0.095556
0 0.565293 0.478840 0.051898 0.052153
0 0.682031 0.497563 0.052500 0.052875
0 0.800590 0.506889 0.063258 0.047667
0 0.567648 0.498556 0.055547 0.091250
0 0.778430 0.655236 0.084578 0.071583
0 0.301055 0.650069 0.051656 0.093056
0 0.821996 0.559021 0.068773 0.055764
0 0.709703 0.551840 0.060687 0.062014
0 0.424316 0.561229 0.052336 0.069764
0 0.332496 0.540347 0.043039 0.059028
0 0.257527 0.551944 0.039164 0.072222
0 0.962680 0.611812 0.074641 0.085542
