0 0.407570 0.416486 0.029922 0.030000
0 0.443539 0.502944 0.049437 0.066778
0 0.401004 0.677424 0.060992 0.114903
0 0.657918 0.699174 0.088586 0.113542
0 0.544996 0.502125 0.044727 0.050056
0 0.650879 0.573160 0.051320 0.038792
0 0.628617 0.510549 0.052250 0.047597
0 0.703902 0.503556 0.056852 0.056694
0 0.920125 0.651618 0.100234 0.102764
0 0.766156 0.642278 0.077375 0.085111
0 0.597602 0.826569 0.094047 0.139778
0 0.495363 0.629563 0.060992 0.100514
0 0.467348 0.445437 0.040352 0.036986
0 0.309207 0.519674 0.038883 0.054264
0 0.419141 0.435000 0.038594 0.038889
0 0.369398 0.592111 0.046719 0.067833
0 0.345508 0.406083 0.034141 0.023111
0 0.873266 0.931986 0.147687 0.136028
0 0.172805 0.399229 0.017359 0.015681
0 0.187086 0.394507 0.018484 0.014181
0 0.217262 0.406701 0.020586 0.016681
0 0.236375 0.402597 0.020719 0.017417
0 0.262137 0.415535 0.020727 0.022403
0 0.296926 0.419646 0.030664 0.026125
0 0.346051 0.423153 0.032586 0.023750
0 0.466551 0.424271 0.032180 0.025875
0 0.542773 0.462667 0.047266 0.045417
0 0.662813 0.967278 0.111187 0.065444
0 0.216676 0.921986 0.152977 0.156028
0 0.374812 0.521250 0.042969 0.051250
0 0.532617 0.583764 0.056750 0.073083
0 0.332078 0.483028 0.040172 0.045611
0 0.377937 0.478083 0.045016 0.047750
0 0.257426 0.480146 0.037602 0.044514
0 0.249836 0.448569 0.036516 0.035667
0 0.194828 0.448007 0.027578 0.031653
